theta_2_vals = [0
0.034906585
0.06981317
0.104719755
0.13962634
0.174532925
0.20943951
0.244346095
0.27925268
0.314159265
0.34906585
0.383972435
0.41887902
0.453785606
0.488692191
0.523598776
0.558505361
0.593411946
0.628318531
0.663225116
0.698131701
0.733038286
0.767944871
0.802851456
0.837758041
0.872664626
0.907571211
0.942477796
0.977384381
1.012290966
1.047197551
1.082104136
1.117010721
1.151917306
1.186823891
1.221730476
1.256637061
1.291543646
1.326450232
1.361356817
1.396263402
1.431169987
1.466076572
1.500983157
1.535889742
1.570796327
1.605702912
1.640609497
1.675516082
1.710422667
1.745329252
1.780235837
1.815142422
1.850049007
1.884955592
1.919862177
1.954768762
1.989675347
2.024581932
2.059488517
2.094395102
2.129301687
2.164208272
2.199114858
2.234021443
2.268928028
2.303834613
2.338741198
2.373647783
2.408554368
2.443460953
2.478367538
2.513274123
2.548180708
2.583087293
2.617993878
2.652900463
2.687807048
2.722713633
2.757620218
2.792526803
2.827433388
2.862339973
2.897246558
2.932153143
2.967059728
3.001966313
3.036872898
3.071779484
3.106686069
3.141592654
3.176499239
3.211405824
3.246312409
3.281218994
3.316125579
3.351032164
3.385938749
3.420845334
3.455751919
3.490658504
3.525565089
3.560471674
3.595378259
3.630284844
3.665191429
3.700098014
3.735004599
3.769911184
3.804817769
3.839724354
3.874630939
3.909537524
3.94444411
3.979350695
4.01425728
4.049163865
4.08407045
4.118977035
4.15388362
4.188790205
4.22369679
4.258603375
4.29350996
4.328416545
4.36332313
4.398229715
4.4331363
4.468042885
4.50294947
4.537856055
4.57276264
4.607669225
4.64257581
4.677482395
4.71238898
4.747295565
4.78220215
4.817108736
4.852015321
4.886921906
4.921828491
4.956735076
4.991641661
5.026548246
5.061454831
5.096361416
5.131268001
5.166174586
5.201081171
5.235987756
5.270894341
5.305800926
5.340707511
5.375614096
5.410520681
5.445427266
5.480333851
5.515240436
5.550147021
5.585053606
5.619960191
5.654866776
5.689773362
5.724679947
5.759586532
5.794493117
5.829399702
5.864306287
5.899212872
5.934119457
5.969026042
6.003932627
6.038839212
6.073745797
6.108652382
6.143558967
6.178465552
6.213372137
6.248278722];

theta_2_dot_vals = [
6.283185307
6.283185307
6.283185307
6.283185307
6.283185307
6.283185307
6.283185307
6.283185307
6.283185307
6.283185307
6.283185307
6.283185307
6.283185307
6.283185307
6.283185307
6.283185307
6.283185307
6.283185307
6.283185307
6.283185307
6.283185307
6.283185307
6.283185307
6.283185307
6.283185307
6.283185307
6.283185307
6.283185307
6.283185307
6.283185307
6.283185307
6.283185307
6.283185307
6.283185307
6.283185307
6.283185307
6.283185307
6.283185307
6.283185307
6.283185307
6.283185307
6.283185307
6.283185307
6.283185307
6.283185307
6.283185307
6.283185307
6.283185307
6.283185307
6.283185307
6.283185307
6.283185307
6.283185307
6.283185307
6.283185307
6.283185307
6.283185307
6.283185307
6.283185307
6.283185307
6.283185307
6.283185307
6.283185307
6.283185307
6.283185307
6.283185307
6.283185307
6.283185307
6.283185307
6.283185307
6.283185307
6.283185307
6.283185307
6.283185307
6.283185307
6.283185307
6.283185307
6.283185307
6.283185307
6.283185307
6.283185307
6.283185307
6.283185307
6.283185307
6.283185307
6.283185307
6.283185307
6.283185307
6.283185307
6.283185307
6.283185307
6.283185307
6.283185307
6.283185307
6.283185307
6.283185307
6.283185307
6.283185307
6.283185307
6.283185307
6.283185307
6.283185307
6.283185307
6.283185307
6.283185307
6.283185307
6.283185307
6.283185307
6.283185307
6.283185307
6.283185307
6.283185307
6.283185307
6.283185307
6.283185307
6.283185307
6.283185307
6.283185307
6.283185307
6.283185307
6.283185307
6.283185307
6.283185307
6.283185307
6.283185307
6.283185307
6.283185307
6.283185307
6.283185307
6.283185307
6.283185307
6.283185307
6.283185307
6.283185307
6.283185307
6.283185307
6.283185307
6.283185307
6.283185307
6.283185307
6.283185307
6.283185307
6.283185307
6.283185307
6.283185307
6.283185307
6.283185307
6.283185307
6.283185307
6.283185307
6.283185307
6.283185307
6.283185307
6.283185307
6.283185307
6.283185307
6.283185307
6.283185307
6.283185307
6.283185307
6.283185307
6.283185307
6.283185307
6.283185307
6.283185307
6.283185307
6.283185307
6.283185307
6.283185307
6.283185307
6.283185307
6.283185307
6.283185307
6.283185307
6.283185307
6.283185307
6.283185307
6.283185307
6.283185307
6.283185307];

theta_2_2dot_vals = 0*eye(180,1);

theta_3_vals = [
6.057514235
6.048089457
6.038490146
6.028890835
6.019291524
6.00951768
5.999569304
5.98979546
5.979847083
5.970073239
5.960299396
5.950525552
5.940751708
5.931152397
5.921553086
5.912302841
5.903052596
5.893976884
5.885250238
5.876523591
5.868146011
5.860117496
5.852263515
5.844758599
5.837428216
5.830446899
5.823989181
5.817705996
5.811946409
5.806535888
5.801299901
5.796762045
5.792398722
5.788558997
5.785242872
5.782275812
5.779657818
5.777563423
5.775818094
5.77442183
5.773723699
5.7732001
5.7732001
5.773549166
5.77442183
5.775643561
5.777214357
5.779134219
5.78157768
5.784370207
5.787337267
5.790827925
5.79466765
5.798681907
5.803219763
5.807932152
5.812993607
5.818229594
5.823814648
5.829748768
5.83585742
5.842140605
5.848772856
5.85557964
5.862560957
5.869716807
5.87704719
5.884552106
5.892406088
5.900085536
5.908114051
5.916142565
5.924345613
5.932723193
5.941100774
5.949478354
5.958030468
5.966582581
5.975134694
5.98386134
5.992413454
6.0011401
6.009866746
6.01841886
6.027145506
6.035697619
6.044249733
6.052801846
6.061353959
6.06973154
6.07810912
6.086312168
6.094515215
6.10254373
6.110572244
6.118251693
6.126105675
6.13361059
6.141115506
6.148445889
6.155601739
6.162583056
6.16938984
6.176022091
6.182479809
6.188937528
6.19504618
6.200980299
6.206739886
6.21232494
6.21773546
6.222971448
6.22785837
6.232745292
6.237283148
6.241646471
6.245835261
6.249674986
6.25351471
6.257005368
6.260321494
6.263288554
6.266255613
6.268873607
6.271142535
6.273411463
6.275331326
6.277076655
6.278647451
6.280043715
6.281090912
6.281963577
6.282661708
6.283010774
0.000174533
0
6.283010774
6.282661708
6.281963577
6.281090912
6.279869182
6.278647451
6.277076655
6.275331326
6.27323693
6.271142535
6.268699074
6.266081081
6.263114021
6.260146961
6.256830835
6.253165644
6.249500453
6.245486195
6.241297405
6.236934082
6.232221693
6.227334771
6.222273316
6.217037329
6.211452275
6.205692688
6.199758569
6.193475384
6.187192198
6.180559947
6.173753163
6.166597313
6.159441463
6.151936547
6.144257099
6.136403117
6.128374603
6.119997022
6.111619442
6.103067328
6.094166149
6.08526497
6.076189258
6.066939013
];

